0010111
0010011
0010011
0010011
0010011
0010011
0010011
0010011
0010011
0010011
0010011
0010011
0010011
0010011
0010011
0010011
1100011
0010011
0010011
0010011
0010011
0010011
0010011
0010011
1100011
0010011
0010011
0010011
0010011
0010011
0010011
0010011
0110011
0010011
0010011
0010011
0010011
0010011
0010011
0010011
0000011
0010011
0010011
0010011
0000011
0010011
0010011
0010011
1100011
0010011
0010011
0010011
0100011
0010011
0010011
0010011
0100011
0010011
0010011
0010011
0010011
0010011
0010011
0010011
1101111
0010011
0010011
0010011
0010011
0010011
0010011
0010011
1101111
0010011
0010011
0010011
0010011
0010011
0010011
0010011
1110011
